# A minimal line molecule file

101 atoms

Coords

1 	 	 0 -5.0000 0
2 	 	 0 -4.9000 0
3 	 	 0 -4.8000 0
4 	 	 0 -4.7000 0
5 	 	 0 -4.6000 0
6 	 	 0 -4.5000 0
7 	 	 0 -4.4000 0
8 	 	 0 -4.3000 0
9 	 	 0 -4.2000 0
10 	 	 0 -4.1000 0
11 	 	 0 -4.0000 0
12 	 	 0 -3.9000 0
13 	 	 0 -3.8000 0
14 	 	 0 -3.7000 0
15 	 	 0 -3.6000 0
16 	 	 0 -3.5000 0
17 	 	 0 -3.4000 0
18 	 	 0 -3.3000 0
19 	 	 0 -3.2000 0
20 	 	 0 -3.1000 0
21 	 	 0 -3.0000 0
22 	 	 0 -2.9000 0
23 	 	 0 -2.8000 0
24 	 	 0 -2.7000 0
25 	 	 0 -2.6000 0
26 	 	 0 -2.5000 0
27 	 	 0 -2.4000 0
28 	 	 0 -2.3000 0
29 	 	 0 -2.2000 0
30 	 	 0 -2.1000 0
31 	 	 0 -2.0000 0
32 	 	 0 -1.9000 0
33 	 	 0 -1.8000 0
34 	 	 0 -1.7000 0
35 	 	 0 -1.6000 0
36 	 	 0 -1.5000 0
37 	 	 0 -1.4000 0
38 	 	 0 -1.3000 0
39 	 	 0 -1.2000 0
40 	 	 0 -1.1000 0
41 	 	 0 -1.0000 0
42 	 	 0 -0.9000 0
43 	 	 0 -0.8000 0
44 	 	 0 -0.7000 0
45 	 	 0 -0.6000 0
46 	 	 0 -0.5000 0
47 	 	 0 -0.4000 0
48 	 	 0 -0.3000 0
49 	 	 0 -0.2000 0
50 	 	 0 -0.1000 0
51 	 	 0 0.0000 0
52 	 	 0 0.1000 0
53 	 	 0 0.2000 0
54 	 	 0 0.3000 0
55 	 	 0 0.4000 0
56 	 	 0 0.5000 0
57 	 	 0 0.6000 0
58 	 	 0 0.7000 0
59 	 	 0 0.8000 0
60 	 	 0 0.9000 0
61 	 	 0 1.0000 0
62 	 	 0 1.1000 0
63 	 	 0 1.2000 0
64 	 	 0 1.3000 0
65 	 	 0 1.4000 0
66 	 	 0 1.5000 0
67 	 	 0 1.6000 0
68 	 	 0 1.7000 0
69 	 	 0 1.8000 0
70 	 	 0 1.9000 0
71 	 	 0 2.0000 0
72 	 	 0 2.1000 0
73 	 	 0 2.2000 0
74 	 	 0 2.3000 0
75 	 	 0 2.4000 0
76 	 	 0 2.5000 0
77 	 	 0 2.6000 0
78 	 	 0 2.7000 0
79 	 	 0 2.8000 0
80 	 	 0 2.9000 0
81 	 	 0 3.0000 0
82 	 	 0 3.1000 0
83 	 	 0 3.2000 0
84 	 	 0 3.3000 0
85 	 	 0 3.4000 0
86 	 	 0 3.5000 0
87 	 	 0 3.6000 0
88 	 	 0 3.7000 0
89 	 	 0 3.8000 0
90 	 	 0 3.9000 0
91 	 	 0 4.0000 0
92 	 	 0 4.1000 0
93 	 	 0 4.2000 0
94 	 	 0 4.3000 0
95 	 	 0 4.4000 0
96 	 	 0 4.5000 0
97 	 	 0 4.6000 0
98 	 	 0 4.7000 0
99 	 	 0 4.8000 0
100 	 	 0 4.9000 0
101 	 	 0 5.0000 0

Types

1 	 1
2 	 1
3 	 1
4 	 1
5 	 1
6 	 1
7 	 1
8 	 1
9 	 1
10 	 1
11 	 1
12 	 1
13 	 1
14 	 1
15 	 1
16 	 1
17 	 1
18 	 1
19 	 1
20 	 1
21 	 1
22 	 1
23 	 1
24 	 1
25 	 1
26 	 1
27 	 1
28 	 1
29 	 1
30 	 1
31 	 1
32 	 1
33 	 1
34 	 1
35 	 1
36 	 1
37 	 1
38 	 1
39 	 1
40 	 1
41 	 1
42 	 1
43 	 1
44 	 1
45 	 1
46 	 1
47 	 1
48 	 1
49 	 1
50 	 1
51 	 1
52 	 1
53 	 1
54 	 1
55 	 1
56 	 1
57 	 1
58 	 1
59 	 1
60 	 1
61 	 1
62 	 1
63 	 1
64 	 1
65 	 1
66 	 1
67 	 1
68 	 1
69 	 1
70 	 1
71 	 1
72 	 1
73 	 1
74 	 1
75 	 1
76 	 1
77 	 1
78 	 1
79 	 1
80 	 1
81 	 1
82 	 1
83 	 1
84 	 1
85 	 1
86 	 1
87 	 1
88 	 1
89 	 1
90 	 1
91 	 1
92 	 1
93 	 1
94 	 1
95 	 1
96 	 1
97 	 1
98 	 1
99 	 1
100 	 1
101 	 1