# A minimal wedge molecule file

201 atoms

Coords

1 	 	 4.3517 0.0000 0
2 	 	 4.2651 0.0500 0
3 	 	 4.1785 0.1000 0
4 	 	 4.0919 0.1500 0
5 	 	 4.0053 0.2000 0
6 	 	 3.9187 0.2500 0
7 	 	 3.8321 0.3000 0
8 	 	 3.7455 0.3500 0
9 	 	 3.6588 0.4000 0
10 	 	 3.5722 0.4500 0
11 	 	 3.4856 0.5000 0
12 	 	 3.3990 0.5500 0
13 	 	 3.3124 0.6000 0
14 	 	 3.2258 0.6500 0
15 	 	 3.1392 0.7000 0
16 	 	 3.0526 0.7500 0
17 	 	 2.9660 0.8000 0
18 	 	 2.8794 0.8500 0
19 	 	 2.7928 0.9000 0
20 	 	 2.7062 0.9500 0
21 	 	 2.6196 1.0000 0
22 	 	 2.5330 1.0500 0
23 	 	 2.4464 1.1000 0
24 	 	 2.3598 1.1500 0
25 	 	 2.2732 1.2000 0
26 	 	 2.1866 1.2500 0
27 	 	 2.1000 1.3000 0
28 	 	 2.0134 1.3500 0
29 	 	 1.9268 1.4000 0
30 	 	 1.8402 1.4500 0
31 	 	 1.7536 1.5000 0
32 	 	 1.6670 1.5500 0
33 	 	 1.5804 1.6000 0
34 	 	 1.4938 1.6500 0
35 	 	 1.4072 1.7000 0
36 	 	 1.3206 1.7500 0
37 	 	 1.2340 1.8000 0
38 	 	 1.1474 1.8500 0
39 	 	 1.0608 1.9000 0
40 	 	 0.9742 1.9500 0
41 	 	 0.8876 2.0000 0
42 	 	 0.8010 2.0500 0
43 	 	 0.7144 2.1000 0
44 	 	 0.6278 2.1500 0
45 	 	 0.5412 2.2000 0
46 	 	 0.4546 2.2500 0
47 	 	 0.3680 2.3000 0
48 	 	 0.2814 2.3500 0
49 	 	 0.1947 2.4000 0
50 	 	 0.1081 2.4500 0
51 	 	 0.0215 2.5000 0
52 	 	 -0.0651 2.5500 0
53 	 	 -0.1517 2.6000 0
54 	 	 -0.2383 2.6500 0
55 	 	 -0.3249 2.7000 0
56 	 	 -0.4115 2.7500 0
57 	 	 -0.4981 2.8000 0
58 	 	 -0.5847 2.8500 0
59 	 	 -0.6713 2.9000 0
60 	 	 -0.7579 2.9500 0
61 	 	 -0.8445 3.0000 0
62 	 	 -0.9311 3.0500 0
63 	 	 -1.0177 3.1000 0
64 	 	 -1.1043 3.1500 0
65 	 	 -1.1909 3.2000 0
66 	 	 -1.2775 3.2500 0
67 	 	 -1.3641 3.3000 0
68 	 	 -1.4507 3.3500 0
69 	 	 -1.5373 3.4000 0
70 	 	 -1.6239 3.4500 0
71 	 	 -1.7105 3.5000 0
72 	 	 -1.7971 3.5500 0
73 	 	 -1.8837 3.6000 0
74 	 	 -1.9703 3.6500 0
75 	 	 -2.0569 3.7000 0
76 	 	 -2.1435 3.7500 0
77 	 	 -2.2301 3.8000 0
78 	 	 -2.3167 3.8500 0
79 	 	 -2.4033 3.9000 0
80 	 	 -2.4899 3.9500 0
81 	 	 -2.5765 4.0000 0
82 	 	 -2.6631 4.0500 0
83 	 	 -2.7497 4.1000 0
84 	 	 -2.8363 4.1500 0
85 	 	 -2.9229 4.2000 0
86 	 	 -3.0095 4.2500 0
87 	 	 -3.0961 4.3000 0
88 	 	 -3.1828 4.3500 0
89 	 	 -3.2694 4.4000 0
90 	 	 -3.3560 4.4500 0
91 	 	 -3.4426 4.5000 0
92 	 	 -3.5292 4.5500 0
93 	 	 -3.6158 4.6000 0
94 	 	 -3.7024 4.6500 0
95 	 	 -3.7890 4.7000 0
96 	 	 -3.8756 4.7500 0
97 	 	 -3.9622 4.8000 0
98 	 	 -4.0488 4.8500 0
99 	 	 -4.1354 4.9000 0
100 	 	 -4.2220 4.9500 0
101 	 	 -4.3086 5.0000 0
102 	 	 4.2651 -0.0500 0
103 	 	 4.1785 -0.1000 0
104 	 	 4.0919 -0.1500 0
105 	 	 4.0053 -0.2000 0
106 	 	 3.9187 -0.2500 0
107 	 	 3.8321 -0.3000 0
108 	 	 3.7455 -0.3500 0
109 	 	 3.6588 -0.4000 0
110 	 	 3.5722 -0.4500 0
111 	 	 3.4856 -0.5000 0
112 	 	 3.3990 -0.5500 0
113 	 	 3.3124 -0.6000 0
114 	 	 3.2258 -0.6500 0
115 	 	 3.1392 -0.7000 0
116 	 	 3.0526 -0.7500 0
117 	 	 2.9660 -0.8000 0
118 	 	 2.8794 -0.8500 0
119 	 	 2.7928 -0.9000 0
120 	 	 2.7062 -0.9500 0
121 	 	 2.6196 -1.0000 0
122 	 	 2.5330 -1.0500 0
123 	 	 2.4464 -1.1000 0
124 	 	 2.3598 -1.1500 0
125 	 	 2.2732 -1.2000 0
126 	 	 2.1866 -1.2500 0
127 	 	 2.1000 -1.3000 0
128 	 	 2.0134 -1.3500 0
129 	 	 1.9268 -1.4000 0
130 	 	 1.8402 -1.4500 0
131 	 	 1.7536 -1.5000 0
132 	 	 1.6670 -1.5500 0
133 	 	 1.5804 -1.6000 0
134 	 	 1.4938 -1.6500 0
135 	 	 1.4072 -1.7000 0
136 	 	 1.3206 -1.7500 0
137 	 	 1.2340 -1.8000 0
138 	 	 1.1474 -1.8500 0
139 	 	 1.0608 -1.9000 0
140 	 	 0.9742 -1.9500 0
141 	 	 0.8876 -2.0000 0
142 	 	 0.8010 -2.0500 0
143 	 	 0.7144 -2.1000 0
144 	 	 0.6278 -2.1500 0
145 	 	 0.5412 -2.2000 0
146 	 	 0.4546 -2.2500 0
147 	 	 0.3680 -2.3000 0
148 	 	 0.2814 -2.3500 0
149 	 	 0.1947 -2.4000 0
150 	 	 0.1081 -2.4500 0
151 	 	 0.0215 -2.5000 0
152 	 	 -0.0651 -2.5500 0
153 	 	 -0.1517 -2.6000 0
154 	 	 -0.2383 -2.6500 0
155 	 	 -0.3249 -2.7000 0
156 	 	 -0.4115 -2.7500 0
157 	 	 -0.4981 -2.8000 0
158 	 	 -0.5847 -2.8500 0
159 	 	 -0.6713 -2.9000 0
160 	 	 -0.7579 -2.9500 0
161 	 	 -0.8445 -3.0000 0
162 	 	 -0.9311 -3.0500 0
163 	 	 -1.0177 -3.1000 0
164 	 	 -1.1043 -3.1500 0
165 	 	 -1.1909 -3.2000 0
166 	 	 -1.2775 -3.2500 0
167 	 	 -1.3641 -3.3000 0
168 	 	 -1.4507 -3.3500 0
169 	 	 -1.5373 -3.4000 0
170 	 	 -1.6239 -3.4500 0
171 	 	 -1.7105 -3.5000 0
172 	 	 -1.7971 -3.5500 0
173 	 	 -1.8837 -3.6000 0
174 	 	 -1.9703 -3.6500 0
175 	 	 -2.0569 -3.7000 0
176 	 	 -2.1435 -3.7500 0
177 	 	 -2.2301 -3.8000 0
178 	 	 -2.3167 -3.8500 0
179 	 	 -2.4033 -3.9000 0
180 	 	 -2.4899 -3.9500 0
181 	 	 -2.5765 -4.0000 0
182 	 	 -2.6631 -4.0500 0
183 	 	 -2.7497 -4.1000 0
184 	 	 -2.8363 -4.1500 0
185 	 	 -2.9229 -4.2000 0
186 	 	 -3.0095 -4.2500 0
187 	 	 -3.0961 -4.3000 0
188 	 	 -3.1828 -4.3500 0
189 	 	 -3.2694 -4.4000 0
190 	 	 -3.3560 -4.4500 0
191 	 	 -3.4426 -4.5000 0
192 	 	 -3.5292 -4.5500 0
193 	 	 -3.6158 -4.6000 0
194 	 	 -3.7024 -4.6500 0
195 	 	 -3.7890 -4.7000 0
196 	 	 -3.8756 -4.7500 0
197 	 	 -3.9622 -4.8000 0
198 	 	 -4.0488 -4.8500 0
199 	 	 -4.1354 -4.9000 0
200 	 	 -4.2220 -4.9500 0
201 	 	 -4.3086 -5.0000 0

Types

1 	 1
2 	 1
3 	 1
4 	 1
5 	 1
6 	 1
7 	 1
8 	 1
9 	 1
10 	 1
11 	 1
12 	 1
13 	 1
14 	 1
15 	 1
16 	 1
17 	 1
18 	 1
19 	 1
20 	 1
21 	 1
22 	 1
23 	 1
24 	 1
25 	 1
26 	 1
27 	 1
28 	 1
29 	 1
30 	 1
31 	 1
32 	 1
33 	 1
34 	 1
35 	 1
36 	 1
37 	 1
38 	 1
39 	 1
40 	 1
41 	 1
42 	 1
43 	 1
44 	 1
45 	 1
46 	 1
47 	 1
48 	 1
49 	 1
50 	 1
51 	 1
52 	 1
53 	 1
54 	 1
55 	 1
56 	 1
57 	 1
58 	 1
59 	 1
60 	 1
61 	 1
62 	 1
63 	 1
64 	 1
65 	 1
66 	 1
67 	 1
68 	 1
69 	 1
70 	 1
71 	 1
72 	 1
73 	 1
74 	 1
75 	 1
76 	 1
77 	 1
78 	 1
79 	 1
80 	 1
81 	 1
82 	 1
83 	 1
84 	 1
85 	 1
86 	 1
87 	 1
88 	 1
89 	 1
90 	 1
91 	 1
92 	 1
93 	 1
94 	 1
95 	 1
96 	 1
97 	 1
98 	 1
99 	 1
100 	 1
101 	 1
102 	 1
103 	 1
104 	 1
105 	 1
106 	 1
107 	 1
108 	 1
109 	 1
110 	 1
111 	 1
112 	 1
113 	 1
114 	 1
115 	 1
116 	 1
117 	 1
118 	 1
119 	 1
120 	 1
121 	 1
122 	 1
123 	 1
124 	 1
125 	 1
126 	 1
127 	 1
128 	 1
129 	 1
130 	 1
131 	 1
132 	 1
133 	 1
134 	 1
135 	 1
136 	 1
137 	 1
138 	 1
139 	 1
140 	 1
141 	 1
142 	 1
143 	 1
144 	 1
145 	 1
146 	 1
147 	 1
148 	 1
149 	 1
150 	 1
151 	 1
152 	 1
153 	 1
154 	 1
155 	 1
156 	 1
157 	 1
158 	 1
159 	 1
160 	 1
161 	 1
162 	 1
163 	 1
164 	 1
165 	 1
166 	 1
167 	 1
168 	 1
169 	 1
170 	 1
171 	 1
172 	 1
173 	 1
174 	 1
175 	 1
176 	 1
177 	 1
178 	 1
179 	 1
180 	 1
181 	 1
182 	 1
183 	 1
184 	 1
185 	 1
186 	 1
187 	 1
188 	 1
189 	 1
190 	 1
191 	 1
192 	 1
193 	 1
194 	 1
195 	 1
196 	 1
197 	 1
198 	 1
199 	 1
200 	 1
201 	 1